11 12 0.3649795022
11 13 0.5118144531
11 14 0.5660011618
11 15 0.6387830011
11 21 1.451846636
11 22 1.44888537
11 23 1.438217735
11 24 1.431753474
11 26 1.427412087
11 31 1.095200513
11 32 1.054801785
11 33 1.032061035
11 35 1.07822359
11 38 1.014758738
11 41 2.129786141
11 44 2.048672698
11 45 2.041847498
11 46 2.04062705
11 48 2.067458162
11 52 7.517063148
11 53 7.541063295
11 59 7.555520808
11 63 4.866180563
11 64 4.866180563
11 68 4.880041885
11 510 7.436776824
11 511 7.552951948
11 613 3.794448331
11 614 4.920229059
12 13 0.4592593229
12 14 0.5314899318
12 15 0.619526784
12 21 1.446045248
12 22 1.443086611
12 23 1.432419992
12 24 1.425958652
12 26 1.421621329
12 31 1.090486145
12 32 1.050132652
12 33 1.027567586
12 35 1.073490951
12 38 1.00981254
12 41 2.127137448
12 44 2.046011875
12 45 2.039181167
12 46 2.037957132
12 48 2.064795697
12 52 7.513091983
12 53 7.537090905
12 59 7.551555299
12 63 4.863616608
12 64 4.863616608
12 68 4.87749198
12 510 7.432810525
12 511 7.548985544
12 613 3.791898158
12 614 4.917702353
13 14 0.4173731947
13 15 0.5861879094
13 21 1.436371508
13 22 1.433419799
13 23 1.422753914
13 24 1.416297605
13 26 1.411966477
13 31 1.081816514
13 32 1.041527823
13 33 1.019317471
13 35 1.064749383
13 38 1.000697804
13 41 2.12386365
13 44 2.042714404
13 45 2.035870258
13 46 2.034638316
13 48 2.061492028
13 52 7.507468803
13 53 7.531465356
13 59 7.545943011
13 63 4.860408739
13 64 4.860408739
13 68 4.874307256
13 510 7.427196574
13 511 7.54337142
13 613 3.788719111
13 614 4.914570304
14 15 0.5570561322
14 21 1.430943972
14 22 1.427995864
14 23 1.417332009
14 24 1.410880548
14 26 1.406556497
14 31 1.078758265
14 32 1.03856841
14 33 1.016638748
14 35 1.061696632
14 38 0.9972425247
14 41 2.123115574
14 44 2.041948979
14 45 2.035098019
14 46 2.033861239
14 48 2.060725408
14 52 7.504685728
14 53 7.528680471
14 59 7.543168471
14 63 4.85981957
14 64 4.85981957
14 68 4.873739729
14 510 7.424420909
14 511 7.540595609
14 613 3.788148654
14 614 4.91403286
15 21 1.42853885
15 22 1.425583406
15 23 1.414935304
15 24 1.408500856
15 26 1.404208888
15 31 1.092207427
15 32 1.052474052
15 33 1.030978255
15 35 1.075555172
15 38 1.009792496
15 41 2.128365261
15 44 2.047166308
15 45 2.040325451
15 46 2.039086775
15 48 2.065965643
15 52 7.503878187
15 53 7.527869272
15 59 7.542380132
15 63 4.866188608
15 64 4.866188608
15 68 4.880183266
15 510 7.423631512
15 511 7.539805795
15 613 3.794534183
15 614 4.920468712
21 22 0.4300291632
21 23 0.466096733
21 24 0.5545638175
21 26 0.6338060034
21 31 1.512406653
21 32 1.480694423
21 33 1.462617068
21 35 1.504929767
21 38 1.419783489
21 41 2.450055395
21 44 2.367768923
21 45 2.360657268
21 46 2.359166037
21 48 2.386665538
21 52 7.59214866
21 53 7.615887739
21 59 7.631786101
21 63 5.204079992
21 64 5.204079992
21 68 5.2196264
21 510 7.512849186
21 511 7.629005968
21 613 4.133361694
21 614 5.261120527
22 23 0.3795330333
22 24 0.5085587838
22 26 0.6093929379
22 31 1.509625705
22 32 1.477906369
22 33 1.459818407
22 35 1.50214396
22 38 1.417021228
22 41 2.446281241
22 44 2.36398951
22 45 2.356878687
22 46 2.355386919
22 48 2.382888948
22 52 7.586532433
22 53 7.610269559
22 59 7.626178711
22 63 5.200460947
22 64 5.200460947
22 68 5.216017319
22 510 7.507240359
22 511 7.623397004
22 613 4.129744731
22 614 5.257510114
23 24 0.4427571277
23 26 0.5736234989
23 31 1.498755092
23 32 1.467042916
23 33 1.448955309
23 35 1.491282789
23 38 1.406145722
23 41 2.435570476
23 44 2.35327925
23 45 2.346167804
23 46 2.344675915
23 48 2.37217782
23 52 7.576083661
23 53 7.599820986
23 59 7.615728946
23 63 5.189716407
23 64 5.189716407
23 68 5.205271178
23 510 7.496790681
23 511 7.612947345
23 613 4.119000526
23 614 5.246765732
24 26 0.5023700484
24 31 1.49212167
24 32 1.46041502
24 33 1.442321654
24 35 1.484659307
24 38 1.399516664
24 41 2.428572296
24 44 2.346278676
24 45 2.339166872
24 46 2.337674505
24 48 2.365177722
24 52 7.568362454
24 53 7.592098904
24 59 7.608011567
24 63 5.18276316
24 64 5.18276316
24 68 5.198321591
24 510 7.489072577
24 511 7.605229188
24 613 4.112048953
24 614 5.239817754
26 31 1.487421154
26 32 1.455726695
26 33 1.437627101
26 35 1.47997787
26 38 1.394817069
26 41 2.423607544
26 44 2.341311738
26 45 2.334199
26 46 2.332706004
26 48 2.360210551
26 52 7.562834682
26 53 7.586570348
26 59 7.602487117
26 63 5.177818273
26 64 5.177818273
26 68 5.193379326
26 510 7.48354741
26 511 7.59970398
26 613 4.107106195
26 614 5.234878785
31 32 0.5448107866
31 33 0.6590567889
31 35 0.6186066742
31 38 0.6560037735
31 41 2.210047148
31 44 2.128715052
31 45 2.1214604
31 46 2.120070769
31 48 2.147107164
31 52 7.62432972
31 53 7.648331962
31 59 7.662750406
31 63 4.936032442
31 64 4.936032442
31 68 4.949686851
31 510 7.543991028
31 511 7.660167983
31 613 3.864852812
31 614 4.991284481
32 33 0.5598194345
32 35 0.480588517
32 38 0.6610381962
32 41 2.175100246
32 44 2.093785124
32 45 2.086541798
32 46 2.085158422
32 48 2.112183501
32 52 7.589979578
32 53 7.613982692
32 59 7.628396698
32 63 4.901081304
32 64 4.901081304
32 68 4.914717494
32 510 7.509638196
32 511 7.62581519
32 613 3.829877391
32 614 4.956270219
33 35 0.6488701425
33 38 0.7026437329
33 41 2.146531812
33 44 2.065238192
33 45 2.057986869
33 46 2.056604364
33 48 2.083619898
33 52 7.566339203
33 53 7.590346088
33 59 7.604737897
33 63 4.871686738
33 64 4.871686738
33 68 4.885268316
33 510 7.485981327
33 511 7.602158671
33 613 3.800474011
33 614 4.926834773
35 38 0.673004971
35 41 2.202810249
35 44 2.121491374
35 45 2.114255192
35 46 2.112873479
35 48 2.139898991
35 52 7.615752021
35 53 7.639753789
35 59 7.654175949
35 63 4.929146264
35 64 4.929146264
35 68 4.942800047
35 510 7.5354169
35 511 7.651593755
35 613 3.85793824
35 614 4.98433224
38 41 2.132882721
38 44 2.05151523
38 45 2.044264587
38 46 2.042870644
38 48 2.069924696
38 52 7.540544384
38 53 7.564541258
38 59 7.57899085
38 63 4.859889245
38 64 4.859889245
38 68 4.87361997
38 510 7.46022844
38 511 7.576404926
38 613 3.788732721
38 614 4.915223452
41 44 0.5353066598
41 45 0.6390566656
41 46 0.6928344366
41 48 0.6207943893
41 52 7.846698812
41 53 7.8712492
41 59 7.882385631
41 63 4.375722188
41 64 4.375722188
41 68 4.415504397
41 510 7.763873313
41 511 7.880104456
41 613 3.304370604
41 614 4.443023186
44 45 0.4993856511
44 46 0.5592456534
44 48 0.5114695849
44 52 7.759764277
44 53 7.784318962
44 59 7.795428265
44 63 4.306246342
44 64 4.306246342
44 68 4.34665034
44 510 7.67691702
44 511 7.793148673
44 613 3.236117214
44 614 4.376407103
45 46 0.3824939394
45 48 0.3841668208
45 52 7.752757382
45 53 7.777312552
45 59 7.788417424
45 63 4.293299293
45 64 4.293299293
45 68 4.334522053
45 510 7.669905455
45 511 7.786137251
45 613 3.223724368
45 614 4.365085826
46 48 0.4752172807
46 52 7.750593483
46 53 7.775149461
46 59 7.786248791
46 63 4.292661653
46 64 4.292661653
46 68 4.334192761
46 510 7.667736748
46 511 7.783968666
46 613 3.223472637
46 614 4.365411902
48 52 7.780465868
48 53 7.805019521
48 59 7.816133856
48 63 4.313136507
48 64 4.313136507
48 68 4.354295937
48 510 7.697621436
48 511 7.813853058
48 613 3.243165606
48 614 4.384090755
52 53 4.837874074
52 59 6.305722239
52 63 10.717947
52 64 10.717947
52 68 10.74154696
52 510 7.006299046
52 511 7.060308295
52 613 9.649473006
52 614 10.78324607
53 59 6.443507024
53 63 10.74240639
53 64 10.74240639
53 68 10.76599952
53 510 6.906108318
53 511 6.958230454
53 613 9.67392997
53 614 10.80769728
59 63 10.75408292
59 64 10.75408292
59 68 10.77771823
59 510 6.590669536
59 511 6.615402632
59 613 9.685622574
59 614 10.81942682
63 64 -6.36695825e-08
63 68 4.169281905
63 510 10.6355264
63 511 10.75174885
63 613 2.642692805
63 614 4.703098884
64 68 4.169281905
64 510 10.6355264
64 511 10.75174885
64 613 2.642692805
64 614 4.703098884
68 510 10.65915945
68 511 10.77538113
68 613 2.768127062
68 614 4.412982187
510 511 3.076650393
510 613 9.56706615
510 614 10.70086933
511 613 9.683288268
511 614 10.81709073
613 614 3.186445009
