0 11 12 13 14 15 21 22 23 24 25 31 32 33 34 35 41 42 43 44 45 51 52 53 54 55 61 62 63 64 65
11 0 0.3649795019 0.511814453 0.5660011617 0.6387830014 1.451846645 1.448885375 1.438217732 1.431753474 1.427412093 1.095200519 1.054801683 1.032060798 1.07822359 1.014758674 2.129786149 2.048672683 2.041847509 2.040627055 2.067458163 7.517063136 7.541063285 7.555520794 7.436776819 7.552951947 4.866180583 4.866180583 4.880041907 3.794448095 4.920229056
12 0.3649795019 0 0.4592593232 0.5314899312 0.6195267844 1.446045267 1.443086621 1.432419985 1.425958651 1.421621343 1.090486158 1.050132439 1.02756709 1.07349095 1.009812409 2.127137465 2.046011843 2.039181188 2.037957142 2.0647957 7.51309196 7.537090886 7.55155527 7.432810516 7.548985543 4.86361665 4.86361665 4.877492027 3.791897672 4.917702346
13 0.511814453 0.4592593232 0 0.4173731944 0.5861879099 1.436371521 1.433419806 1.422753909 1.416297605 1.411966487 1.081816524 1.041527669 1.019317114 1.064749383 1.00069771 2.123863662 2.042714382 2.035870273 2.034638324 2.06149203 7.507468786 7.531465342 7.54594299 7.427196568 7.54337142 4.86040877 4.86040877 4.874307291 3.788718758 4.914570299
14 0.5660011617 0.5314899312 0.4173731944 0 0.5570561326 1.430943984 1.42799587 1.417332005 1.410880548 1.406556506 1.078758274 1.038568269 1.016638425 1.061696632 0.9972424382 2.123115585 2.041948958 2.035098033 2.033861245 2.060725409 7.504685712 7.528680458 7.543168451 7.424420902 7.540595607 4.859819598 4.859819598 4.87373976 3.788148331 4.914032855
15 0.6387830014 0.6195267844 0.5861879099 0.5570561326 0 1.428538862 1.425583412 1.4149353 1.408500856 1.404208896 1.092207435 1.052473927 1.030977967 1.075555172 1.009792418 2.12836527 2.047166289 2.040325463 2.039086781 2.065965644 7.503878171 7.527869259 7.542380113 7.423631504 7.539805793 4.866188633 4.866188633 4.880183294 3.794533896 4.920468708
21 1.451846645 1.446045267 1.436371521 1.430943984 1.428538862 0 0.430029178 0.4660967385 0.5545638265 0.6338060204 1.512406669 1.480694315 1.462616815 1.504929776 1.419783425 2.450055413 2.367768914 2.360657289 2.359166051 2.386665548 7.592148653 7.615887735 7.631786092 7.512849187 7.629005974 5.204080024 5.204080024 5.219626435 4.133361439 5.261120532
22 1.448885375 1.443086621 1.433419806 1.42799587 1.425583412 0.430029178 0 0.3795330344 0.5085587885 0.6093929505 1.509625718 1.477906256 1.459818149 1.502143965 1.41702116 2.446281254 2.363989497 2.356878703 2.355386929 2.382888953 7.586532422 7.610269551 7.626178697 7.507240356 7.623397005 5.200460975 5.200460975 5.216017349 4.129744472 5.257510114
23 1.438217732 1.432419985 1.422753909 1.417332005 1.4149353 0.4660967385 0.3795330344 0 0.4427571244 0.5736235034 1.498755097 1.467042796 1.448955043 1.491282785 1.406145646 2.435570482 2.353279228 2.346167812 2.344675917 2.372177818 7.576083642 7.599820969 7.615728923 7.496790669 7.612947338 5.189716426 5.189716426 5.205271201 4.119000258 5.246765725
24 1.431753474 1.425958651 1.416297605 1.410880548 1.408500856 0.5545638265 0.5085587885 0.4427571244 0 0.5023700558 1.492121677 1.460414903 1.442321392 1.484659307 1.399516591 2.428572305 2.346278658 2.339166883 2.33767451 2.365177723 7.568362438 7.59209889 7.608011548 7.489072569 7.605229184 5.182763182 5.182763182 5.198321616 4.112048688 5.239817749
25 1.427412093 1.421621343 1.411966487 1.406556506 1.404208896 0.6338060204 0.6093929505 0.5736235034 0.5023700558 0 1.487421168 1.455726584 1.437626845 1.479977877 1.394817003 2.423607559 2.341311726 2.334199017 2.332706015 2.360210559 7.562834673 7.586570341 7.602487104 7.483547409 7.599703983 5.177818303 5.177818303 5.193379358 4.107105937 5.234878788
31 1.095200519 1.090486158 1.081816524 1.078758274 1.092207435 1.512406669 1.509625718 1.498755097 1.492121677 1.487421168 0 0.5448106736 0.6590565353 0.6186066791 0.6560037072 2.210047163 2.128715041 2.121460417 2.12007078 2.147107171 7.62432971 7.648331955 7.662750393 7.543991026 7.660167986 4.936032472 4.936032472 4.949686883 3.864852556 4.991284484
32 1.054801683 1.050132439 1.041527669 1.038568269 1.052473927 1.480694315 1.477906256 1.467042796 1.460414903 1.455726584 0.5448106736 0 0.559819061 0.4805884133 0.6610380205 2.175100152 2.093785004 2.086541706 2.085158324 2.112183399 7.589979459 7.613982575 7.628396576 7.509638085 7.625815084 4.901081225 4.901081225 4.914717417 3.829877024 4.956270113
33 1.032060798 1.02756709 1.019317114 1.016638425 1.030977967 1.462616815 1.459818149 1.448955043 1.442321392 1.437626845 0.6590565353 0.559819061 0 0.6488699052 0.7026434235 2.146531584 2.065237937 2.057986643 2.056604132 2.083619662 7.56633895 7.590345837 7.604737642 7.485981082 7.60215843 4.871686524 4.871686524 4.885268105 3.80047351 4.926834533
34 1.07822359 1.07349095 1.064749383 1.061696632 1.075555172 1.504929776 1.502143965 1.491282785 1.484659307 1.479977877 0.6186066791 0.4805884133 0.6488699052 0 0.6730048982 2.202810258 2.121491356 2.114255203 2.112873484 2.139898991 7.615752005 7.639753776 7.65417593 7.535416892 7.651593751 4.929146287 4.929146287 4.942800073 3.857937976 4.984332236
35 1.014758674 1.009812409 1.00069771 0.9972424382 1.009792418 1.419783425 1.41702116 1.406145646 1.399516591 1.394817003 0.6560037072 0.6610380205 0.7026434235 0.6730048982 0 2.132882666 2.051515149 2.044264534 2.042870586 2.069924634 7.540544304 7.564541181 7.578990767 7.460228368 7.576404859 4.859889205 4.859889205 4.873619932 3.788732395 4.915223384
41 2.129786149 2.127137465 2.123863662 2.123115585 2.12836527 2.450055413 2.446281254 2.435570482 2.428572305 2.423607559 2.210047163 2.175100152 2.146531584 2.202810258 2.132882666 0 0.5353066505 0.6390566853 0.6928344504 0.6207943989 7.846698803 7.871249194 7.882385619 7.763873312 7.88010446 4.37572222 4.37572222 4.415504432 3.304370368 4.443023191
42 2.048672683 2.046011843 2.042714382 2.041948958 2.047166289 2.367768914 2.363989497 2.353279228 2.346278658 2.341311726 2.128715041 2.093785004 2.065237937 2.121491356 2.051515149 0.5353066505 0 0.4993856476 0.5592456439 0.5114695713 7.759764245 7.784318933 7.79542823 7.676916996 7.793148654 4.306246351 4.306246351 4.346650352 3.236116956 4.376407084
43 2.041847509 2.039181188 2.035870273 2.035098033 2.040325463 2.360657289 2.356878703 2.346167812 2.339166883 2.334199017 2.121460417 2.086541706 2.057986643 2.114255203 2.044264534 0.6390566853 0.4993856476 0 0.3824939555 0.3841668328 7.752757375 7.777312548 7.788417415 7.669905457 7.786137257 4.293299327 4.293299327 4.33452209 3.223724136 4.365085833
44 2.040627055 2.037957142 2.034638324 2.033861245 2.039086781 2.359166051 2.355386929 2.344675917 2.33767451 2.332706015 2.12007078 2.085158324 2.056604132 2.112873484 2.042870586 0.6928344504 0.5592456439 0.3824939555 0 0.4752172874 7.750593471 7.775149452 7.786248777 7.667736744 7.783968667 4.292661682 4.292661682 4.334192792 3.2234724 4.365411903
45 2.067458163 2.0647957 2.06149203 2.060725409 2.065965644 2.386665548 2.382888953 2.372177818 2.365177723 2.360210559 2.147107171 2.112183399 2.083619662 2.139898991 2.069924634 0.6207943989 0.5114695713 0.3841668328 0.4752172874 0 7.780465852 7.805019509 7.816133838 7.697621429 7.813853055 4.313136532 4.313136532 4.354295965 3.243165365 4.384090753
51 7.517063136 7.51309196 7.507468786 7.504685712 7.503878171 7.592148653 7.586532422 7.576083642 7.568362438 7.562834673 7.62432971 7.589979459 7.56633895 7.615752005 7.540544304 7.846698803 7.759764245 7.752757375 7.750593471 7.780465852 0 4.837874053 6.305722208 7.006299029 7.060308282 10.71794701 10.71794701 10.74154697 9.649472728 10.78324605
52 7.541063285 7.537090886 7.531465342 7.528680458 7.527869259 7.615887735 7.610269551 7.599820969 7.59209889 7.586570341 7.648331955 7.613982575 7.590345837 7.639753776 7.564541181 7.871249194 7.784318933 7.777312548 7.775149452 7.805019509 4.837874053 0 6.443506996 6.906108302 6.958230442 10.7424064 10.7424064 10.76599954 9.673929695 10.80769726
53 7.555520794 7.55155527 7.54594299 7.543168451 7.542380113 7.631786092 7.626178697 7.615728923 7.608011548 7.602487104 7.662750393 7.628396576 7.604737642 7.65417593 7.578990767 7.882385619 7.79542823 7.788417415 7.786248777 7.816133838 6.305722208 6.443506996 0 6.590669517 6.615402617 10.75408293 10.75408293 10.77771824 9.685622295 10.8194268
54 7.436776819 7.432810516 7.427196568 7.424420902 7.423631504 7.512849187 7.507240356 7.496790669 7.489072569 7.483547409 7.543991026 7.509638085 7.485981082 7.535416892 7.460228368 7.763873312 7.676916996 7.669905457 7.667736744 7.697621429 7.006299029 6.906108302 6.590669517 0 3.076650385 10.63552663 10.63552663 10.65915968 9.567065879 10.70086932
55 7.552951947 7.548985543 7.54337142 7.540595607 7.539805793 7.629005974 7.623397005 7.612947338 7.605229184 7.599703983 7.660167986 7.625815084 7.60215843 7.651593751 7.576404859 7.88010446 7.793148654 7.786137257 7.783968667 7.813853055 7.060308282 6.958230442 6.615402617 3.076650385 0 10.75174909 10.75174909 10.77538139 9.683288002 10.81709072
61 4.866180583 4.86361665 4.86040877 4.859819598 4.866188633 5.204080024 5.200460975 5.189716426 5.182763182 5.177818303 4.936032472 4.901081225 4.871686524 4.929146287 4.859889205 4.37572222 4.306246351 4.293299327 4.292661682 4.313136532 10.71794701 10.7424064 10.75408293 10.63552663 10.75174909 0 -1.974080011e-08 4.169281951 2.642692562 4.7030989
62 4.866180583 4.86361665 4.86040877 4.859819598 4.866188633 5.204080024 5.200460975 5.189716426 5.182763182 5.177818303 4.936032472 4.901081225 4.871686524 4.929146287 4.859889205 4.37572222 4.306246351 4.293299327 4.292661682 4.313136532 10.71794701 10.7424064 10.75408293 10.63552663 10.75174909 -1.974080011e-08 0 4.169281951 2.642692562 4.7030989
63 4.880041907 4.877492027 4.874307291 4.87373976 4.880183294 5.219626435 5.216017349 5.205271201 5.198321616 5.193379358 4.949686883 4.914717417 4.885268105 4.942800073 4.873619932 4.415504432 4.346650352 4.33452209 4.334192792 4.354295965 10.74154697 10.76599954 10.77771824 10.65915968 10.77538139 4.169281951 4.169281951 0 2.768126813 4.412982206
64 3.794448095 3.791897672 3.788718758 3.788148331 3.794533896 4.133361439 4.129744472 4.119000258 4.112048688 4.107105937 3.864852556 3.829877024 3.80047351 3.857937976 3.788732395 3.304370368 3.236116956 3.223724136 3.2234724 3.243165365 9.649472728 9.673929695 9.685622295 9.567065879 9.683288002 2.642692562 2.642692562 2.768126813 0 3.186444768
65 4.920229056 4.917702346 4.914570299 4.914032855 4.920468708 5.261120532 5.257510114 5.246765725 5.239817749 5.234878788 4.991284484 4.956270113 4.926834533 4.984332236 4.915223384 4.443023191 4.376407084 4.365085833 4.365411903 4.384090753 10.78324605 10.80769726 10.8194268 10.70086932 10.81709072 4.7030989 4.7030989 4.412982206 3.186444768 0
