11 1509465.6225079 1571922.15157929
12 1509478.87568971 1571978.48351457
13 1509456.75070813 1572079.85999192
14 1509455.36308983 1572174.51322672
15 1509651.98609913 1572316.08720977
21 1508537.20968044 1582274.83681452
22 1508567.07690037 1582336.9090095
23 1508524.79454962 1582389.69656252
24 1508457.09577198 1582461.67561455
25 1508342.70935345 1582604.31083973
31 1506492.939525 1572326.77934333
32 1506584.3913128 1572309.01638058
33 1506552.12013565 1572160.16787344
34 1506631.48628132 1572347.43320306
35 1506466.43537766 1572616.82421851
41 1509973.83735282 1562644.22313348
42 1510013.1335245 1562499.52817995
43 1509913.51435863 1562409.29671201
44 1509856.79537653 1562344.78629209
45 1509857.13439333 1562473.8774698
51 1543595.47531123 1556178.03815567
52 1543730.8908425 1556179.77857344
53 1543495.23942449 1555728.97408647
54 1544076.57813871 1555420.14167708
55 1544051.61700367 1555447.30354617
61 1508115.9263586 1563228.68143575
62 1508138.94791664 1563237.61041485
63 1508108.84231792 1563349.14918378
64 1508169.0485993 1563307.09523386
65 1508231.51541564 1563428.95180766
