11 12 0.3649137502
11 13 0.5113680505
11 14 0.5652224189
11 15 0.6372282461
11 21 1.366846441
11 22 1.366206214
11 23 1.358560934
11 24 1.354624489
11 26 1.352109045
11 31 1.05257623
11 32 1.022551006
11 33 1.002555413
11 35 1.041685613
11 38 0.9883024498
11 41 1.866742393
11 44 1.796394526
11 45 1.791591789
11 46 1.790654727
11 48 1.814056345
11 52 6.594748001
11 53 6.623843928
11 59 6.621399118
11 63 4.488854482
11 64 4.488854482
11 68 4.299071784
11 510 5.657138277
11 511 5.698793738
11 613 3.287492908
11 614 4.301033465
12 13 0.459085871
12 14 0.5310858326
12 15 0.6184370824
12 21 1.361902191
12 22 1.361265001
12 23 1.353620846
12 24 1.349687585
12 26 1.347176514
12 31 1.048690503
12 32 1.018702343
12 33 0.9988773626
12 35 1.037772635
12 38 0.9841764822
12 41 1.864834277
12 44 1.794473412
12 45 1.789664655
12 46 1.788723676
12 48 1.812133342
12 52 6.591554544
12 53 6.620649439
12 59 6.618212575
12 63 4.487030843
12 64 4.487030843
12 68 4.297261952
12 510 5.653951653
12 511 5.695607089
12 613 3.285682535
12 614 4.299242608
13 14 0.4173170705
13 15 0.5855640393
13 21 1.353558702
13 22 1.352929337
13 23 1.345285875
13 24 1.341358047
13 26 1.338853433
13 31 1.041272799
13 32 1.011331459
13 33 0.9918510182
13 35 1.030262265
13 38 0.9762995912
13 41 1.862690285
13 44 1.792304241
13 45 1.787480406
13 46 1.786530801
13 48 1.809956734
13 52 6.587122902
13 53 6.61621577
13 59 6.613794275
13 63 4.48494508
13 64 4.48494508
13 68 4.295199076
13 510 5.649533042
13 511 5.69118842
13 613 3.283624628
13 614 4.297223596
14 15 0.5566516548
14 21 1.348745781
14 22 1.348120739
14 23 1.340479424
14 24 1.336556894
14 26 1.334059775
14 31 1.038682115
14 32 1.008824339
14 33 0.9896145073
14 35 1.027661076
14 38 0.9733028161
14 41 1.862396728
14 44 1.791992073
14 45 1.787160532
14 46 1.786205616
14 48 1.809642868
14 52 6.584869579
14 53 6.613960906
14 59 6.611551368
14 63 4.484802605
14 64 4.484802605
14 68 4.295077504
14 510 5.647290046
14 511 5.688945374
14 613 3.283500559
14 614 4.297127027
15 21 1.345992624
15 22 1.34536118
15 23 1.337737331
15 24 1.333833966
15 26 1.331371875
15 31 1.051120914
15 32 1.021695539
15 33 1.002891384
15 35 1.04049509
15 38 0.9848357342
15 41 1.866706807
15 44 1.796266981
15 45 1.791447382
15 46 1.790490649
15 48 1.813943844
15 52 6.583503216
15 53 6.612591521
15 59 6.610207802
15 63 4.490226173
15 64 4.490226173
15 68 4.30057056
15 510 5.645947551
15 511 5.687602708
15 613 3.288941981
15 614 4.302610221
21 22 0.4285904929
21 23 0.4642837981
21 24 0.5507983875
21 26 0.6277990863
21 31 1.415015741
21 32 1.392792702
21 33 1.377124994
21 35 1.412719462
21 38 1.338910789
21 41 2.15518092
21 44 2.083647217
21 45 2.078508174
21 46 2.077282416
21 48 2.101371619
21 52 6.66655381
21 53 6.695444329
21 59 6.694535579
21 63 4.792195396
21 64 4.792195396
21 68 4.603865175
21 510 5.730232873
21 511 5.77188353
21 613 3.591801159
21 614 4.606891664
22 23 0.379063642
22 24 0.5065619227
22 26 0.6052380504
22 31 1.414550746
22 32 1.392321322
22 33 1.376642565
22 35 1.412250717
22 38 1.338466149
22 41 2.153805693
22 44 2.08226658
22 45 2.077128248
22 46 2.075901887
22 48 2.099993742
22 52 6.663531087
22 53 6.692420034
22 59 6.69152302
22 63 4.790957856
22 64 4.790957856
22 68 4.602636031
22 510 5.72721999
22 511 5.76887061
22 613 3.590565817
22 614 4.605661401
23 24 0.4421454709
23 26 0.5715066731
23 31 1.406680565
23 32 1.384459117
23 33 1.368780998
23 35 1.404391107
23 38 1.330589985
23 41 2.146122317
23 44 2.074583797
23 45 2.069444677
23 46 2.068218159
23 48 2.092309874
23 52 6.656112941
23 53 6.685002067
23 59 6.684103588
23 63 4.783237974
23 64 4.783237974
23 68 4.594914615
23 510 5.719800527
23 511 5.761451156
23 613 3.582846273
23 614 4.597941769
24 26 0.5017842579
24 31 1.402550623
24 32 1.380335938
24 33 1.364652252
24 35 1.40027286
24 38 1.326464001
24 41 2.141712916
24 44 2.070172058
24 45 2.065032313
24 46 2.06380524
24 48 2.087898301
24 52 6.651102659
24 53 6.679991115
24 59 6.679097478
24 63 4.778859922
24 64 4.778859922
24 68 4.590539386
24 510 5.714794188
24 511 5.756444807
24 613 3.578469931
24 614 4.593568239
26 31 1.399640446
26 32 1.377439673
26 33 1.361750309
26 35 1.397384157
26 38 1.323553465
26 41 2.138657419
26 44 2.067114558
26 45 2.061973476
26 46 2.060745675
26 48 2.084840059
26 52 6.647629407
26 53 6.676517296
26 59 6.675627592
26 63 4.77580713
26 64 4.77580713
26 68 4.587488324
26 510 5.711324032
26 511 5.752974648
26 613 3.575419261
26 614 4.59052051
31 32 0.5230992045
31 33 0.6284213753
31 35 0.5959458393
31 38 0.6405669385
31 41 1.938849674
31 44 1.868272799
31 45 1.862985464
31 46 1.861861115
31 48 1.885483553
31 52 6.689346136
31 53 6.718442363
31 59 6.715963656
31 63 4.550660857
31 64 4.550660857
31 68 4.360734052
31 510 5.751686315
31 511 5.793342801
31 613 3.349817128
31 614 4.363907592
32 33 0.5479756222
32 35 0.4702884545
32 38 0.6500168597
32 41 1.913903791
32 44 1.843343927
32 45 1.838069964
32 46 1.836952508
32 48 1.860563183
32 52 6.664825921
32 53 6.693922766
32 59 6.691439928
32 63 4.525759783
32 64 4.525759783
32 68 4.335817203
32 510 5.727162969
32 511 5.768819453
32 613 3.324892622
32 614 4.338951514
33 35 0.6305185283
33 38 0.689839606
33 41 1.888838508
33 44 1.818300687
33 45 1.813018404
33 46 1.81190184
33 48 1.835502653
33 52 6.644135707
33 53 6.673235542
33 59 6.670728775
33 63 4.499942227
33 64 4.499942227
33 68 4.309953023
33 510 5.706451606
33 511 5.74810821
33 613 3.299065317
33 614 4.313099082
35 38 0.6579890807
35 41 1.937008657
35 44 1.866445017
35 45 1.86117933
35 46 1.860063871
35 48 1.883674796
35 52 6.686155787
35 53 6.715251532
35 59 6.712777777
35 63 4.549209656
35 64 4.549209656
35 68 4.359282013
35 510 5.748501044
35 511 5.790157475
35 613 3.34833865
35 614 4.362397613
38 41 1.877691696
38 44 1.807076214
38 45 1.801793236
38 46 1.800664136
38 48 1.82430597
38 52 6.621832264
38 53 6.650923899
38 59 6.648481398
38 63 4.490495337
38 64 4.490495337
38 68 4.300639079
38 510 5.684204097
38 511 5.725860415
38 613 3.289676413
38 614 4.303816439
41 44 0.5313351921
41 45 0.6303533897
41 46 0.68133034
41 48 0.6116392895
41 52 6.852143441
41 53 6.881631918
41 59 6.87595495
41 63 4.089385602
41 64 4.089385602
41 68 3.91940304
41 510 5.911619006
41 511 5.953293138
41 613 2.88907662
41 614 3.911711078
44 45 0.4976336701
44 46 0.5557432087
44 48 0.5088810488
44 52 6.776243052
44 53 6.805735231
44 59 6.800026183
44 63 4.028871067
44 64 4.028871067
44 68 3.859498806
44 510 5.835688694
44 511 5.877363053
44 613 2.829715545
44 614 3.853678281
45 46 0.3818373199
45 48 0.3833821279
45 52 6.771024364
45 53 6.800517164
45 59 6.794800994
45 63 4.017844565
45 64 4.017844565
45 68 3.849282665
45 510 5.830462336
45 511 5.872136789
45 613 2.819289659
45 614 3.844204658
46 48 0.4727111651
46 52 6.769107315
46 53 6.798600877
46 59 6.792877548
46 63 4.017135071
46 64 4.017135071
46 68 3.84888606
46 510 5.828538277
46 511 5.870212794
46 613 2.818970531
46 614 3.8443851
48 52 6.795476943
48 53 6.82496845
48 59 6.819263339
48 63 4.035259899
48 64 4.035259899
48 68 3.86662254
48 510 5.854925141
48 511 5.896599519
48 613 2.83633763
48 614 3.860899648
52 53 4.805878613
52 59 6.09403863
52 63 9.582384158
52 64 9.582384158
52 68 9.400230195
52 510 5.818125812
52 511 5.822868549
52 613 8.384091372
52 614 9.403458401
53 59 6.221935659
53 63 9.611808084
53 64 9.611808084
53 68 9.429649339
53 510 5.746619274
53 511 5.751188693
53 613 8.413513245
53 614 9.43287649
59 63 9.606652239
59 64 9.606652239
59 68 9.424534092
59 510 5.355893401
59 511 5.332179727
59 613 8.408376048
59 614 9.427772706
63 64 -1.581899323e-08
63 68 3.844070718
63 510 8.642323401
63 511 8.683994797
63 613 2.481646065
63 614 4.269867386
64 68 3.844070718
64 510 8.642323401
64 511 8.683994797
64 613 2.481646065
64 614 4.269867386
68 510 8.460206798
68 511 8.501877927
68 613 2.330692217
68 614 3.834233071
510 511 1.666096183
510 613 7.444048316
510 614 8.463446886
511 613 7.485719558
511 614 8.505117876
613 614 2.667937504
