11 12 1.093938093
11 13 1.528956212
11 14 1.686845941
11 15 1.895460346
11 21 3.579022014
11 22 3.581419148
11 23 3.570618612
11 24 3.567727971
11 26 3.567654496
11 31 2.779271832
11 32 2.776207647
11 33 2.770795989
11 35 2.871342216
11 38 2.784183753
11 41 4.02264422
11 44 3.923198485
11 45 3.929090633
11 46 3.933559214
11 48 3.966070117
11 52 8.226936539
11 53 8.116032207
11 59 8.172349224
11 63 5.810741726
11 64 5.810741726
11 68 5.761961871
11 510 7.923365473
11 511 7.939235027
11 613 5.161944916
11 614 5.651162867
12 13 1.375332043
12 14 1.588808175
12 15 1.844331968
12 21 3.573413981
12 22 3.575823105
12 23 3.565026375
12 24 3.562147378
12 26 3.562089279
12 31 2.776764913
12 32 2.77374777
12 33 2.768791808
12 35 2.868671813
12 38 2.780861709
12 41 4.024873883
12 44 3.925390104
12 45 3.931269171
12 46 3.935727266
12 48 3.968261829
12 52 8.225994276
12 53 8.115087266
12 59 8.171419957
12 63 5.813196849
12 64 5.813196849
12 68 5.764451248
12 510 7.922432187
12 511 7.93830237
12 613 5.164424886
12 614 5.653685774
13 14 1.251341429
13 15 1.75065867
13 21 3.56120324
13 22 3.563643677
13 23 3.552848263
13 24 3.549988665
13 26 3.549952016
13 31 2.766839584
13 32 2.76382784
13 33 2.759791358
13 35 2.858283486
13 38 2.769389154
13 41 4.028836473
13 44 3.929285602
13 45 3.935124466
13 46 3.939558672
13 48 3.972138904
13 52 8.224453713
13 53 8.113541167
13 59 8.169904249
13 63 5.817198136
13 64 5.817198136
13 68 5.768502071
13 510 7.920910807
13 511 7.936780582
13 613 5.16847783
13 614 5.657825036
14 15 1.66607455
14 21 3.552709908
14 22 3.555169152
14 23 3.544379772
14 24 3.541538511
14 26 3.541526112
14 31 2.763842484
14 32 2.760946584
14 33 2.757606718
14 35 2.855100749
14 38 2.765088687
14 41 4.032120089
14 44 3.932514858
14 45 3.938335155
14 46 3.942754415
14 48 3.975368444
14 52 8.223071118
14 53 8.112154371
14 59 8.168541029
14 63 5.820808129
14 64 5.820808129
14 68 5.772160991
14 510 7.919543098
14 511 7.935412762
14 613 5.172122994
14 614 5.661531092
15 21 3.545022397
15 22 3.547463219
15 23 3.536731825
15 24 3.533954012
15 26 3.534056167
15 31 2.796332675
15 32 2.794403483
15 33 2.791940907
15 35 2.888577306
15 38 2.794987912
15 41 4.040729254
15 44 3.940983875
15 45 3.946869675
15 46 3.95128612
15 48 3.983961272
15 52 8.218404034
15 53 8.107479158
15 59 8.163914476
15 63 5.83262907
15 64 5.83262907
15 68 5.784177148
15 510 7.914909359
15 511 7.93077876
15 613 5.183980039
15 614 5.673471464
21 22 1.279437582
21 23 1.385444868
21 24 1.637279124
21 26 1.859646298
21 31 3.587110862
21 32 3.599201368
21 33 3.602555752
21 35 3.697534187
21 38 3.561914934
21 41 4.705921773
21 44 4.603435956
21 45 4.608585062
21 46 4.612312252
21 48 4.646647938
21 52 8.518556557
21 53 8.407220382
21 59 8.465898598
21 63 6.519599676
21 64 6.519599676
21 68 6.473633991
21 510 8.216405261
21 511 8.232273305
21 613 5.872433556
21 614 6.364545305
22 23 1.135050426
22 24 1.510855566
22 26 1.797594081
22 31 3.590100902
22 32 3.602176318
22 33 3.605495017
22 35 3.700519368
22 38 3.564986096
22 41 4.706677808
22 44 4.604175219
22 45 4.609328044
22 46 4.613053631
22 48 4.647397574
22 52 8.516313685
22 53 8.404974118
22 59 8.463670791
22 63 6.52066081
22 64 6.52066081
22 68 6.474713856
22 510 8.214173403
22 511 8.230041438
22 613 5.873498476
22 614 6.365618682
23 24 1.323719207
23 26 1.705139744
23 31 3.578531863
23 32 3.590631515
23 33 3.593954152
23 35 3.688985256
23 38 3.553391747
23 41 4.69587435
23 44 4.593375749
23 45 4.598524695
23 46 4.602249711
23 48 4.636592391
23 52 8.506199633
23 53 8.394860593
23 59 8.453554178
23 63 6.509724504
23 64 6.509724504
23 68 6.463771695
23 510 8.204057301
23 511 8.219925347
23 613 5.862562897
23 614 6.354683365
24 26 1.50255516
24 31 3.574997153
24 32 3.587119177
24 33 3.590426477
24 35 3.685492425
24 38 3.549871024
24 41 4.692050753
24 44 4.589547751
24 45 4.594693842
24 46 4.598417221
24 48 4.632762964
24 52 8.501558238
24 53 8.390217948
24 59 8.44891805
24 63 6.505903853
24 64 6.505903853
24 68 6.459954169
24 510 8.199419527
24 511 8.215287581
24 613 5.858745322
24 614 6.350870917
26 31 3.573606731
26 32 3.585772578
26 33 3.58906652
26 35 3.684175564
26 38 3.548475303
26 41 4.69100556
26 44 4.588501436
26 45 4.593641245
26 46 4.597362442
26 48 4.631710266
26 52 8.500265317
26 53 8.388924197
26 59 8.447628334
26 63 6.504747602
26 64 6.504747602
26 68 6.458796126
26 510 8.198128563
26 511 8.213996634
26 613 5.857592881
26 614 6.349724011
31 32 1.275989888
31 33 1.554238634
31 35 1.559146487
31 38 1.745032565
31 41 4.114892359
31 44 4.015388526
31 45 4.019616297
31 46 4.0235491
31 48 4.056474698
31 52 8.366956456
31 53 8.256052164
31 59 8.312331643
31 63 5.868884223
31 64 5.868884223
31 68 5.819252312
31 510 8.063327512
31 511 8.079198694
31 613 5.221014341
31 614 5.71153087
32 33 1.47299512
32 35 1.306675321
32 38 1.814531027
32 41 4.122700312
32 44 4.023218447
32 45 4.027484708
32 46 4.031433445
32 48 4.064338111
32 52 8.374776477
32 53 8.263872876
32 59 8.320149207
32 63 5.877189569
32 64 5.877189569
32 68 5.827549033
32 510 8.071146236
32 511 8.087017395
32 613 5.229285127
32 614 5.71974764
33 35 1.741469552
33 38 1.953328619
33 41 4.106598313
33 44 4.007187038
33 45 4.01141393
33 46 4.015362135
33 48 4.048237281
33 52 8.36699194
33 53 8.256094812
33 59 8.312333975
33 63 5.859281866
33 64 5.859281866
33 68 5.80953531
33 510 8.06333768
33 511 8.079208933
33 613 5.211363961
33 614 5.701791173
35 38 1.877113393
35 41 4.228555393
35 44 4.129049497
35 45 4.133354701
35 46 4.137311724
35 48 4.170220525
35 52 8.476491601
35 53 8.365585122
35 59 8.421878403
35 63 5.984191693
35 64 5.984191693
35 68 5.934599365
35 510 8.172872689
35 511 8.188743788
35 613 5.336276496
35 614 5.826729277
38 41 4.129357344
38 44 4.029713556
38 45 4.033989369
38 46 4.037913738
38 48 4.070904766
38 52 8.366010964
38 53 8.255094057
38 59 8.311445322
38 63 5.886296651
38 64 5.886296651
38 68 5.836858411
38 510 8.062427832
38 511 8.078298853
38 613 5.238470056
38 614 5.72907968
41 44 1.540973976
41 45 1.776757618
41 46 1.902682891
41 48 1.711153451
41 52 8.514373732
41 53 8.404125223
41 59 8.456587073
41 63 5.060379045
41 64 5.060379045
41 68 5.047165819
41 510 8.208231072
41 511 8.224114194
41 613 4.413299885
41 614 4.913198084
44 45 1.473155592
44 46 1.631618598
44 48 1.497803888
44 52 8.402034694
44 53 8.291795113
44 59 8.344202751
44 63 4.982873824
44 64 4.982873824
44 68 4.970562864
44 510 8.095854359
44 511 8.111737737
44 613 4.337757065
44 614 4.840445871
45 46 1.140330835
45 48 1.143294527
45 52 8.407371168
45 53 8.297133427
45 59 8.349527521
45 63 4.968124654
45 64 4.968124654
45 68 4.957973624
45 510 8.101179405
45 511 8.117062936
45 613 4.324316815
45 614 4.82937064
46 48 1.39766413
46 52 8.409518172
46 53 8.299282512
46 59 8.35166319
46 63 4.970998577
46 64 4.970998577
46 68 4.961589346
46 510 8.103316421
46 511 8.119200043
46 613 4.327960001
46 614 4.834221058
48 52 8.449192116
48 53 8.338951115
48 59 8.391364852
48 63 4.993444602
48 64 4.993444602
48 68 4.983307219
48 510 8.143013875
48 511 8.158897317
48 613 4.349025258
48 614 4.853318874
52 53 4.256582707
52 59 5.543647029
52 63 10.47136287
52 64 10.47136287
52 68 10.43541682
52 510 5.953236985
52 511 5.929552281
52 613 9.8271307
52 614 10.32512572
53 59 5.537726954
53 63 10.3610185
53 64 10.3610185
53 68 10.32506418
53 510 5.741859756
53 511 5.717493809
53 613 9.716782952
53 614 10.2147717
59 63 10.41402815
59 64 10.41402815
59 68 10.37812359
59 510 5.466339403
59 511 5.419936807
59 613 9.769813946
59 614 10.26784196
63 64 8.937726914e-08
63 68 3.975156231
63 510 10.16557176
63 511 10.18145354
63 613 2.861785571
63 614 4.37115659
64 68 3.975156231
64 510 10.16557176
64 511 10.18145354
64 613 2.861785571
64 614 4.37115659
68 510 10.12966
68 511 10.14554156
68 613 2.948703573
68 614 3.974780713
510 511 2.213924915
510 613 9.521355405
510 614 10.01937868
511 613 9.537236981
511 614 10.03526003
613 614 3.270595476
